% barResponsePostComparison
%
% analysis of change in the min and max response amplitude
%
% Yvette Fisher 3/2019

% load in data set:
% raw Vm receptive field data
 rfAcrossCellsDuringBar =[-48.5955143200000,-48.3881364300000,-48.9131093300000,-49.4275849500000,-49.0582247700000,-48.5683848600000,-48.8124273700000,-49.0965098400000,-49.5091760300000,-48.6048687600000,-48.4330491600000,-48.0449085200000,-47.7488898600000,-47.7206623200000,-46.7423308300000,-46.7596747100000,-47.5708300000000,-46.5927281100000,-46.1197336400000,-46.5662132600000,-46.9986363000000,-46.1096259000000,-47.3242132400000,-46.9957671000000,-46.4213915400000,-46.8205513300000,-46.6740419000000,-46.2610157100000,-46.8797421800000,-46.9221458100000,-47.0018314900000,-46.1391678200000,-47.3658377500000,-46.4702555200000,-46.9752323900000;-38.1568991400000,-37.6457712800000,-38.4441905900000,-38.2606017700000,-38.7465823800000,-38.0291880700000,-37.9165467900000,-38.0838019500000,-36.9188805200000,-37.2861600400000,-36.9680068600000,-36.2368975900000,-35.7759172400000,-35.4837511100000,-36.5084600900000,-35.4645158600000,-36.2787662900000,-36.5501135100000,-35.9329068400000,-37.3162939200000,-37.3550625500000,-37.3176036200000,-37.2288998700000,-37.2045380000000,-36.9907073600000,-37.9227697600000,-37.8579744700000,-37.2766996300000,-36.1831769100000,-38.1485959200000,-37.3649921400000,-38.3168606200000,-37.2682433700000,-37.0143581400000,-37.6530198900000;-42.4431165300000,-43.4943703900000,-43.9118103400000,-43.6769454000000,-44.1635181900000,-44.4000242200000,-44.8622601000000,-43.2564431000000,-43.7291521600000,-42.1919003200000,-44.0028567400000,-44.0110388900000,-41.8271656000000,-39.8454033500000,-40.1951968100000,-42.5282844200000,-40.9634039200000,-41.3633663500000,-40.5013891500000,-39.5908495200000,-39.1475296800000,-39.3930849800000,-41.0467638200000,-42.3019927900000,-40.6600078400000,-41.4699091400000,-40.8081731300000,-41.2007672100000,-40.9167220000000,-42.2056399600000,-43.0560327100000,-42.5004761100000,-42.4960461200000,-43.0455170400000,-44.3867529400000;-41.4625998600000,-41.4014078800000,-41.5750345600000,-41.4847697000000,-41.9310721100000,-41.6193419300000,-41.7568641900000,-41.3277721600000,-41.9231245100000,-40.5495350700000,-41.8630310100000,-41.5474610400000,-41.7634839400000,-41.4942091000000,-42.0939317900000,-42.5429378400000,-42.7820875300000,-43.0361404000000,-42.2053812100000,-42.9591742300000,-43.3321403300000,-42.8204652500000,-43.5157877100000,-43.3649153100000,-43.6997455700000,-43.9779411200000,-44.1475185800000,-44.4420148800000,-43.9906672300000,-44.0816485600000,-42.7396395600000,-43.6590460200000,-43.9154073100000,-42.8263430100000,-42.6162478700000;-41.3099975000000,-41.6755602700000,-41.4946902100000,-40.8338861200000,-41.4478578900000,-41.0468728700000,-41.3869732500000,-41.1799448200000,-40.1962130200000,-40.2722823600000,-40.0878994900000,-40.2564432900000,-40.7939289000000,-40.6570687500000,-40.4921975500000,-39.4170482000000,-39.8308154100000,-39.7908430200000,-39.2692883900000,-40.5808229700000,-40.6298062400000,-40.3440850000000,-40.9121683200000,-39.7349334500000,-40.9878365400000,-42.1998031600000,-40.2057945500000,-40.2195522400000,-39.7515206000000,-39.9395338700000,-40.2274583700000,-39.4858196300000,-39.8738917600000,-39.0398587400000,-39.6679984600000;-41.8004354600000,-41.7001969500000,-42.4432849200000,-43.3581281900000,-42.6819095500000,-42.7423789400000,-42.1213926400000,-42.4143521400000,-42.2199801000000,-40.9934519400000,-41.9460984300000,-42.2215727400000,-41.5271185300000,-40.9257562900000,-39.8984654700000,-40.8314907700000,-40.1299911500000,-40.0246595300000,-38.9267804000000,-39.1123004000000,-39.1992920700000,-38.4822291900000,-39.1298524200000,-38.3299790100000,-39.2607299200000,-40.3986560100000,-39.9178161500000,-39.4059328200000,-38.8350560200000,-39.2088462500000,-38.1755743800000,-38.8181638600000,-37.8283120600000,-38.5153163600000,-37.7133656200000;-37.2583290200000,-36.3068859100000,-38.8567611300000,-37.9404206600000,-39.2017492800000,-37.5648709200000,-37.4324989400000,-38.0648973200000,-38.0594673600000,-38.9078368600000,-39.4144848400000,-38.5285189600000,-38.6004521100000,-37.1665253500000,-36.4373165700000,-38.3529174700000,-38.3805779700000,-37.9503601400000,-38.5610656500000,-38.9276603900000,-38.9810465500000,-37.6583508800000,-38.5002149300000,-39.0434035900000,-38.9822312400000,-37.6918387400000,-39.6703645300000,-39.6160015100000,-37.9176148400000,-39.2382156100000,-37.9168047500000,-39.3062512400000,-38.5452733800000,-38.8031586700000,-38.5836445000000;-42.9521429100000,-43.1221317600000,-43.7029863100000,-45.0231170700000,-45.6374128200000,-44.8539158800000,-45.7261652200000,-45.6595676000000,-44.8300960800000,-45.3162104000000,-44.4631609100000,-44.5078297900000,-43.1183680900000,-41.5236504100000,-42.2391830100000,-42.2568295800000,-40.2400041200000,-39.5233174500000,-38.8076534300000,-37.3963180500000,-37.5533288500000,-38.1582104000000,-38.0378071100000,-37.5158057800000,-37.0307556200000,-38.5744164600000,-38.1073259200000,-39.0432073000000,-38.1037980000000,-38.0611643200000,-39.0992244100000,-38.6634048900000,-39.7467443200000,-40.1341011500000,-40.2162995000000;-41.0589708500000,-41.1578187000000,-39.5021759900000,-39.8630898500000,-39.3773533100000,-39.6621793600000,-39.0781575100000,-39.7867916900000,-40.5105586100000,-39.6254533600000,-39.6099354400000,-39.9328318800000,-40.0293007400000,-40.0082219500000,-39.8984696900000,-39.3422649300000,-38.7039351300000,-38.6976497100000,-37.7514776900000,-37.9062349700000,-38.2145276900000,-37.8421576100000,-37.6673651100000,-38.0790427500000,-37.7069347200000,-39.0236757400000,-37.8456296100000,-38.1045864600000,-38.3101318600000,-38.2811419100000,-38.5142242100000,-37.8276602600000,-38.3624350700000,-37.2634393800000,-38.1347841600000;-38.9499433800000,-36.1028900200000,-37.7193707900000,-37.5553575100000,-36.1666695300000,-36.9340284600000,-37.0156527900000,-36.0651942700000,-37.0841075800000,-36.3219864600000,-37.1095175000000,-35.8174803500000,-35.7930497000000,-36.4518228700000,-36.0496086300000,-35.6113774400000,-37.0343202400000,-36.1726499300000,-34.9491638700000,-34.2945881700000,-35.2348858300000,-35.7961347200000,-35.9455806000000,-35.5962001900000,-34.0368317900000,-35.7126456300000,-36.5120477600000,-34.0768748100000,-34.2520754000000,-36.1871074200000,-37.2177740300000,-36.0114499700000,-36.0150196800000,-35.4042327700000,-36.4016118300000;-40.9357789400000,-40.5588521000000,-40.6427262400000,-40.5033447500000,-42.0883229600000,-41.7373253500000,-42.0991962500000,-40.9172369300000,-42.1121532200000,-41.2595978100000,-41.9694585100000,-42.5013228300000,-42.0597093900000,-43.7361772600000,-43.2662042900000,-44.2822940700000,-43.6518900200000,-44.0148779000000,-43.8102587700000,-42.9329312500000,-42.8653135600000,-42.1765724800000,-43.6224233400000,-42.6454117700000,-42.7607150200000,-42.8101111200000,-43.2468830700000,-42.6677038700000,-42.1387108400000,-42.5265858500000,-41.5217892400000,-42.3860766200000,-42.1718688300000,-42.2252448800000,-41.9207477200000;-39.9621365600000,-39.6714870500000,-40.2622134800000,-40.9821044300000,-40.7271938200000,-40.4395755500000,-40.2463330100000,-40.0837560600000,-40.7005738400000,-40.0321596100000,-40.2803066900000,-41.5661709300000,-40.1887119000000,-40.3756447700000,-41.0995531200000,-41.1809711800000,-40.5466926700000,-40.6555433600000,-39.2603381400000,-40.1418402300000,-39.9655992600000,-39.8729216500000,-41.4504722000000,-41.4003459700000,-40.9411959600000,-42.0881929900000,-42.0548765500000,-41.4992453500000,-41.9935020800000,-42.0822960600000,-41.5411696700000,-41.3849001900000,-41.6488758000000,-41.3810140200000,-41.7083372800000;-52.0071873800000,-51.4098330000000,-53.1504611800000,-52.4177988000000,-51.9345752400000,-52.0769683100000,-50.8095334700000,-48.2099316900000,-47.7533715700000,-47.7854697600000,-49.0458502000000,-48.7109903100000,-51.6228625800000,